0,455
0,454
0,453
0,452
0,386
47,35
3,2
3,1
3,3
10,233
10,125
42,4
42,3
42,2
42,1
42,0
41,3
41,2
41,1
10,229
41,0
10,279
10,273
10,269
10,309
39,5
11,17
11,27
11,21
39,4
39,3
39,2
39,1
39,0
38,4
38,3
38,2
38,1
38,0
37,3
37,2
37,1
37,0
11,29
11,28
11,24
11,23
11,22
11,20
11,19
11,13
11,12
11,11
11,10
11,8
11,7
11,5
11,3
11,2
11,1
8,4
10,302
8,7
8,2
8,3
10,292
10,289
12,2
12,1
10,272
12,3
10,257
10,223
10,222
10,218
10,197
10,191
10,175
10,146
10,115
10,109
10,94
20,2
20,1
20,3
19,2
19,1
19,3
10,8
10,3
10,2
10,1
9,7
