0,499
0,498
0,497
0,496
64,4
64,3
64,2
64,1
64,0
56,35
0,495
63,3
63,2
63,1
63,0
0,494
0,493
0,492
62,5
0,491
0,490
62,4
62,3
62,2
62,1
62,0
61,4
61,3
61,2
61,1
61,0
60,3
60,2
60,1
60,0
59,3
59,2
59,1
59,0
58,4
58,3
58,2
58,1
58,0
57,3
57,2
57,1
57,0
0,278
0,9
10,79
10,213
10,69
10,295
10,175
46,3
46,2
46,1
46,0
10,311
44,4
44,3
44,2
44,1
44,0
43,3
43,2
43,1
43,0
10,145
42,3
10,2
42,2
10,3
42,1
42,0
34,3
34,1
33,3
33,1
32,3
32,1
29,3
29,1
28,3
28,1
11,28
11,27
11,29
11,25
11,24
11,23
9,5
11,21
11,20
11,19
8,4
11,17
8,15
11,15
8,16
11,11
8,17
11,9
8,13
11,7
11,6
8,5
8,3
11,5
12,2
12,1
12,3
11,4
11,3
11,2
11,1
10,309
